Iter 0

Size = 7
Data size = 28
[ 65.3519 -0.48 -35.7647 -6.4925 -19.3484 21.1232 -29.6232 ;
-0.48 2.32 -0.68 -0.88 0.96852 -0.834945 0.526792 ;
-35.7647 -0.68 114.119 -26.9425 19.7129 -35.2324 59.9545 ;
-6.4925 -0.88 -26.9425 46.1075 20.2903 -13.1445 12.6742 ;
-19.3484 0.96852 19.7129 20.2903 73.8519 -24.7037 28.3994 ;
21.1232 -0.834945 -35.2324 -13.1445 -24.7037 35.3049 -34.1111 ;
-29.6232 0.526792 59.9545 12.6742 28.3994 -34.1111 50.7075 ;
]
+++++++++++++
Iter 1

Size = 7
Data size = 28
[ 86.8133 -0.667044 -29.7137 -4.82515 -29.8346 11.8466 -38.1543 ;
-0.667044 2.16399 -0.890672 -0.449135 0.904943 -0.574618 0.396836 ;
-29.7137 -0.890672 102.077 -19.9939 31.969 -7.71828 29.0017 ;
-4.82515 -0.449135 -19.9939 35.7151 19.7713 -23.502 5.19954 ;
-29.8346 0.904943 31.969 19.7713 65.3555 -34.8737 18.5724 ;
11.8466 -0.574618 -7.71828 -23.502 -34.8737 30.3849 -11.3357 ;
-38.1543 0.396836 29.0017 5.19954 18.5724 -11.3357 23.7984 ;
]
+++++++++++++
Iter 2

Size = 7
Data size = 28
[ 191.626 -0.852926 -29.292 -2.65088 -37.4529 9.31799 -16.681 ;
-0.852926 2.05883 -0.97917 -0.154761 0.74436 -0.85019 0.118099 ;
-29.292 -0.97917 101.074 -17.4248 34.0573 -5.77369 11.2034 ;
-2.65088 -0.154761 -17.4248 30.4676 20.6566 -21.9731 1.69416 ;
-37.4529 0.74436 34.0573 20.6566 70.6189 -36.9033 -0.213939 ;
9.31799 -0.85019 -5.77369 -21.9731 -36.9033 37.5078 -3.88757 ;
-16.681 0.118099 11.2034 1.69416 -0.213939 -3.88757 10.4361 ;
]
+++++++++++++
Iter 3

Size = 7
Data size = 28
[ 168.786 -0.894822 -32.8875 -1.54898 -35.4597 4.35384 -26.2097 ;
-0.894822 3.61236 -2.42354 -0.143064 0.777379 -0.738737 0.191483 ;
-32.8875 -2.42354 133.684 -45.0095 18.3226 0.288344 13.4423 ;
-1.54898 -0.143064 -45.0095 54.0618 33.2002 -11.9879 1.24746 ;
-35.4597 0.777379 18.3226 33.2002 77.3172 -23.0599 2.63436 ;
4.35384 -0.738737 0.288344 -11.9879 -23.0599 14.6458 -1.9331 ;
-26.2097 0.191483 13.4423 1.24746 2.63436 -1.9331 11.2624 ;
]
+++++++++++++
Iter 4

Size = 7
Data size = 28
[ 151.057 -0.945386 -32.2795 -2.67851 -35.3103 3.06183 -27.2735 ;
-0.945386 4.77942 -3.53607 -0.199865 0.978344 -0.470789 0.22548 ;
-32.2795 -3.53607 145.851 -57.903 11.0239 11.3367 14.9044 ;
-2.67851 -0.199865 -57.903 70.3145 43.5159 -20.0027 1.95222 ;
-35.3103 0.978344 11.0239 43.5159 87.5948 -27.6101 4.47472 ;
3.06183 -0.470789 11.3367 -20.0027 -27.6101 17.11 -1.58746 ;
-27.2735 0.22548 14.9044 1.95222 4.47472 -1.58746 12.8857 ;
]
+++++++++++++
Iter 5

Size = 7
Data size = 28
[ 181.531 -1.06274 -33.0806 -1.55125 -37.1192 1.76265 -25.7972 ;
-1.06274 7.20004 -5.86533 -0.160059 1.20232 -0.533524 0.209308 ;
-33.0806 -5.86533 188.47 -95.7542 -11.0803 11.0242 12.4553 ;
-1.55125 -0.160059 -95.7542 105.344 63.5099 -15.8694 1.18188 ;
-37.1192 1.20232 -11.0803 63.5099 105.688 -23.9125 2.39969 ;
1.76265 -0.533524 11.0242 -15.8694 -23.9125 10.8933 -0.765382 ;
-25.7972 0.209308 12.4553 1.18188 2.39969 -0.765382 9.86029 ;
]
+++++++++++++
Iter 6

Size = 7
Data size = 28
[ 177.26 -1.07141 -32.5072 -2.3456 -37.4648 1.84777 -26.1213 ;
-1.07141 7.52636 -6.18658 -0.180741 1.24477 -0.488052 0.213791 ;
-32.5072 -6.18658 188.59 -97.4302 -12.6452 13.8253 12.56 ;
-2.3456 -0.180741 -97.4302 109.268 66.8148 -18.9399 1.5395 ;
-37.4648 1.24477 -12.6452 66.8148 109.468 -26.4896 2.80683 ;
1.84777 -0.488052 13.8253 -18.9399 -26.4896 12.2279 -0.820032 ;
-26.1213 0.213791 12.56 1.5395 2.80683 -0.820032 10.3837 ;
]
+++++++++++++
Iter 7

Size = 7
Data size = 28
[ 185.481 -1.10695 -32.6044 -2.21209 -38.1173 1.6576 -25.8472 ;
-1.10695 8.34545 -6.97741 -0.171527 1.32296 -0.514456 0.210764 ;
-32.6044 -6.97741 201.554 -109.333 -19.7328 14.0222 11.9853 ;
-2.21209 -0.171527 -109.333 120.85 73.6929 -18.5435 1.41902 ;
-38.1173 1.32296 -19.7328 73.6929 115.917 -26.2296 2.38552 ;
1.6576 -0.514456 14.0222 -18.5435 -26.2296 11.2647 -0.70269 ;
-25.8472 0.210764 11.9853 1.41902 2.38552 -0.70269 9.77406 ;
]
+++++++++++++
Iter 8

Size = 7
Data size = 28
[ 184.904 -1.11065 -32.5286 -2.29869 -38.152 1.65783 -25.8627 ;
-1.11065 8.47396 -7.10407 -0.171254 1.33548 -0.511456 0.212061 ;
-32.5286 -7.10407 202.898 -110.756 -20.6704 14.3422 12.0003 ;
-2.29869 -0.171254 -110.756 122.516 74.8446 -18.8623 1.45736 ;
-38.152 1.33548 -20.6704 74.8446 117.031 -26.5487 2.43669 ;
1.65783 -0.511456 14.3422 -18.8623 -26.5487 11.361 -0.704616 ;
-25.8627 0.212061 12.0003 1.45736 2.43669 -0.704616 9.82663 ;
]
+++++++++++++
Iter 9

Size = 7
Data size = 28
[ 185.903 -1.11604 -32.5246 -2.29907 -38.2478 1.63641 -25.8303 ;
-1.11604 8.60772 -7.23338 -0.170281 1.34835 -0.514635 0.21191 ;
-32.5246 -7.23338 204.874 -112.612 -21.7917 14.4242 11.9282 ;
-2.29907 -0.170281 -112.612 124.381 75.9802 -18.8761 1.44966 ;
-38.2478 1.34835 -21.7917 75.9802 118.105 -26.5781 2.3936 ;
1.63641 -0.514635 14.4242 -18.8761 -26.5781 11.2608 -0.69159 ;
-25.8303 0.21191 11.9282 1.44966 2.3936 -0.69159 9.75662 ;
]
+++++++++++++
Iter 10

Size = 7
Data size = 28
[ 185.929 -1.11722 -32.5157 -2.30767 -38.2602 1.63342 -25.8274 ;
-1.11722 8.64222 -7.26708 -0.169887 1.35167 -0.515039 0.212122 ;
-32.5157 -7.26708 205.325 -113.05 -22.065 14.4664 11.9235 ;
-2.30767 -0.169887 -113.05 124.843 76.2784 -18.9082 1.45274 ;
-38.2602 1.35167 -22.065 76.2784 118.386 -26.6163 2.3956 ;
1.63342 -0.515039 14.4664 -18.9082 -26.6163 11.257 -0.690171 ;
-25.8274 0.212122 11.9235 1.45274 2.3956 -0.690171 9.75515 ;
]
+++++++++++++
Iter 11

Size = 7
Data size = 28
[ 186.046 -1.11801 -32.5136 -2.30933 -38.2731 1.63065 -25.8233 ;
-1.11801 8.66275 -7.28696 -0.169738 1.35365 -0.515473 0.212138 ;
-32.5136 -7.28696 205.618 -113.328 -22.2343 14.4829 11.9145 ;
-2.30933 -0.169738 -113.328 125.126 76.4537 -18.9157 1.45246 ;
-38.2731 1.35365 -22.2343 76.4537 118.552 -26.6263 2.39116 ;
1.63065 -0.515473 14.4829 -18.9157 -26.6263 11.2455 -0.688531 ;
-25.8233 0.212138 11.9145 1.45246 2.39116 -0.688531 9.74696 ;
]
+++++++++++++
Iter 12

Size = 7
Data size = 28
[ 186.065 -1.11826 -32.5123 -2.3105 -38.2764 1.62989 -25.8223 ;
-1.11826 8.66978 -7.2938 -0.169664 1.35432 -0.515595 0.212166 ;
-32.5123 -7.2938 205.713 -113.419 -22.2911 14.49 11.9127 ;
-2.3105 -0.169664 -113.419 125.222 76.5141 -18.9203 1.45275 ;
-38.2764 1.35432 -22.2911 76.5141 118.609 -26.632 2.39075 ;
1.62989 -0.515595 14.49 -18.9203 -26.632 11.2433 -0.688127 ;
-25.8223 0.212166 11.9127 1.45275 2.39075 -0.688127 9.74561 ;
]
+++++++++++++
Iter 13

Size = 7
Data size = 28
[ 186.082 -1.11839 -32.5118 -2.31087 -38.2783 1.62947 -25.8217 ;
-1.11839 8.67316 -7.29708 -0.169637 1.35465 -0.515662 0.212172 ;
-32.5118 -7.29708 205.761 -113.465 -22.3187 14.4929 11.9114 ;
-2.31087 -0.169637 -113.465 125.268 76.5429 -18.9219 1.45277 ;
-38.2783 1.35465 -22.3187 76.5429 118.636 -26.634 2.39019 ;
1.62947 -0.515662 14.4929 -18.9219 -26.634 11.2416 -0.687883 ;
-25.8217 0.212172 11.9114 1.45277 2.39019 -0.687883 9.74449 ;
]
+++++++++++++
Iter 14

Size = 7
Data size = 28
[ 186.086 -1.11844 -32.5116 -2.31106 -38.279 1.62932 -25.8215 ;
-1.11844 8.67446 -7.29835 -0.169624 1.35477 -0.515686 0.212176 ;
-32.5116 -7.29835 205.779 -113.482 -22.3293 14.4941 11.911 ;
-2.31106 -0.169624 -113.482 125.286 76.5541 -18.9226 1.45281 ;
-38.279 1.35477 -22.3293 76.5541 118.646 -26.6349 2.39006 ;
1.62932 -0.515686 14.4941 -18.9226 -26.6349 11.2411 -0.6878 ;
-25.8215 0.212176 11.911 1.45281 2.39006 -0.6878 9.74417 ;
]
+++++++++++++
